104.5991403918332,22.67522164947143,0
104.5989783545382,22.67562668163981,0
104.5985201039862,22.67633995039133,0
104.5981338225406,22.67711851834202,0
104.5978438987697,22.6777192187993,0
104.5976256818762,22.67847598900831,0
104.5974777899098,22.67983436369654,0
104.5972347845572,22.68085832143125,0
104.5969686853133,22.68157044213371,0
104.5966546305217,22.68223791464333,0
104.5963160639516,22.68310574154771,0
104.596073634377,22.68390056174126,0
104.5960727833426,22.68419102204909,0
104.5959517284709,22.68457493021274,0
104.5957867431954,22.68496495875925,0
104.5957110318684,22.68535214113204,0
104.5956654251099,22.68568403498298,0
104.5955452017323,22.68602955998193,0
104.5953052009082,22.68656842279059,0
104.5950807778971,22.68691368303489,0
104.5948409558743,22.6873902269215,0
104.5945865682935,22.68771472714182,0
104.5943514613355,22.68789738710084,0
104.5942095694655,22.68799384824187,0
104.5939706183764,22.68817306599892,0
104.5937543493066,22.68825551929994,0
104.5934187864943,22.68839303473233,0
104.5929936741037,22.68854404931228,0
104.5924866796874,22.68866730804843,0
104.5914242286872,22.68895849478749,0
104.5910886837326,22.6890614137167,0
104.5907159724985,22.68913659940432,0
104.5902017535421,22.68920437668512,0
104.5895978798867,22.68932042406534,0
104.5891281880199,22.68945063146878,0
104.5884085745701,22.68966662977994,0
104.5880805331919,22.68975574288941,0
104.5877599370264,22.68985173824926,0
104.5874019288252,22.68997527402948,0
104.5870365542251,22.69009192533745,0
104.5867457216845,22.69016731292594,0
104.5864997870288,22.69020813404929,0
104.5864401173882,22.69024257148119,0
104.5863802041372,22.69030464575446,0
104.5862906236302,22.690408189906,0
104.5862306447299,22.69051867427898,0
104.5861781110487,22.69063613196446,0
104.5861703101749,22.69077447902431,0
104.5861698949617,22.69091275483967,0
104.5861768233946,22.69106495872011,0
104.5862060226322,22.69128640333038,0
104.5862275089494,22.69156310206675,0
104.5862047352979,22.69171513881374,0
104.5861633311089,22.69181537462296,0
104.5863858623098,22.69264543035233,0
104.5868641969254,22.69362661485314,0
104.5870322950989,22.69408496058809,0
104.5871039955657,22.69429594709729,0
104.5873080510222,22.69465060967976,0
104.5877415500449,22.69524656058304,0
104.5880699625507,22.69600463195546,0
104.5882741475424,22.69680076694844,0
104.5884266797134,22.69763506414051,0
104.5884963572733,22.69849786959011,0
104.5885153233845,22.69908263594238,0
104.5885548141306,22.69967702886068,0
104.5886976815635,22.70028117097887,0
104.5889534366273,22.70112539685307,0
104.588961848321,22.70177715179433,0
104.5890720815589,22.70287976429239,0
104.5891839067659,22.70350306406999,0
104.5892024767788,22.70422204147635,0
104.5892109467019,22.70485464866345,0
104.589208487871,22.70567897258584,0
104.5891431943363,22.70676189576449,0
104.5891104596903,22.70734652960831,0
104.5890671891793,22.70801738838133,0
104.589024124357,22.70859242174834,0
104.5889177314439,22.70961770644473,0
104.5889045123488,22.7105762145614,0
104.5889436006075,22.71133353846952,0
104.5889303754081,22.71232076782573,0
104.5888964981656,22.71326007488708,0
104.5888938077113,22.71416098695523,0
104.588912432901,22.71486081595148,0
104.5890440715316,22.71576216340549,0
104.5890363616381,22.71643492043102,0
104.5890341956612,22.71648820229247,0
104.5890328757003,22.71660741809052,0
104.5890258754722,22.71666610678713,0
104.5890121715647,22.7167112305589,0
104.588995415678,22.7167564359183,0
104.5889748760134,22.7168051546565,0
104.5889464692524,22.71685295071391,0
104.5889083069913,22.71691426848177,0
104.5887537666198,22.71714779361504,0
104.5886618455743,22.71727680187999,0
104.5885827330387,22.71736510961933,0
104.5884967236723,22.71745069039316,0
104.5883814644194,22.71757051629935,0
104.5883453677565,22.71761205926178,0
104.588325802768,22.71763007248999,0
104.5882886651856,22.71767061996638,0
104.5882682142904,22.71768953426673,0
104.5882359001821,22.71772828742817,0
104.5882075900084,22.71777066343055,0
104.5881704235987,22.71782114595965,0
104.5880326805817,22.71796800908523,0
104.5879555510767,22.71803735465456,0
104.5878597812787,22.71813745040524,0
104.5878168379188,22.71818611214154,0
104.5877719146824,22.71822573606365,0
104.5876694548041,22.71830766052345,0
104.5876235630319,22.71834908862526,0
104.5875767207527,22.71838599746133,0
104.5874791048615,22.71845890339614,0
104.5872838931971,22.71859757858847,0
104.5872185672487,22.71863985977203,0
104.5871561449113,22.71867763162401,0
104.5870858708622,22.71870996482363,0
104.5870303304119,22.71872878835061,0
104.5869786657518,22.71874039589137,0
104.5868812683835,22.71876723968726,0
104.5865665953388,22.71881971385583,0
104.5865168576689,22.71883132622831,0
104.5864242827439,22.7188563763962,0
104.5863268233734,22.71887689707478,0
104.5862839915366,22.71888852723855,0
104.5861962228393,22.71891720224404,0
104.5861475069701,22.7189361334571,0
104.5860704792036,22.7189711579027,0
104.5859943927087,22.71901340982028,0
104.5859504598735,22.71904400398837,0
104.5858743515586,22.719093481767,0
104.5858060105274,22.71915020469956,0
104.5857737816414,22.71918715174803,0
104.5857512760751,22.71922141389842,0
104.5857355928471,22.71925659707931,0
104.5857061316817,22.71933419434759,0
104.5856953352876,22.71937309305655,0
104.5856893454693,22.71941552641807,0
104.5856882383153,22.71946339168552,0
104.5856909843244,22.71951126783923,0
104.5856996432862,22.71956909356062,0
104.5857119287575,22.71967570017137,0
104.5857117574686,22.71973259965379,0
104.5857037970599,22.71978947895561,0
104.5856851173117,22.71985996850671,0
104.5856644815821,22.7199132024277,0
104.5856390367884,22.71996371470795,0
104.585573457522,22.72006289356147,0
104.5855265297838,22.72012780119002,0
104.5854835750717,22.72018007387288,0
104.5854366109375,22.72023052942936,0
104.5853526225543,22.72030988229968,0
104.5852628078042,22.72040448227501,0
104.5851006097152,22.72059101902407,0
104.5850693324618,22.72063158092201,0
104.5849783396835,22.72077052450113,0
104.5849528163804,22.72082013219498,0
104.584939105257,22.72086706227353,0
104.5849331188314,22.72090859224433,0
104.584934032853,22.72092485238037,0
104.5849378379996,22.72094111911761,0
104.5849456634465,22.72095559047431,0
104.5849582371836,22.72096646071685,0
104.5849708989398,22.72097462291469,0
104.5849854942136,22.72098098250723,0
104.5850564934144,22.72100193952052,0
104.5850934821068,22.72101106729149,0
104.5851830460509,22.72102665406786,0
104.5852355177297,22.72104033786637,0
104.5852929475081,22.72106125957728,0
104.585409614317,22.72111575285204,0
104.5854504908478,22.72114024412204,0
104.5854834854433,22.72116932208346,0
104.5854961210213,22.72118651505871,0
104.5855057819305,22.72120460368171,0
104.58551445802,22.72122991482181,0
104.5855183141418,22.72125611682712,0
104.5855181590796,22.72130759798806,0
104.5855101431227,22.721356348693,0
104.5855042992645,22.72137710629932,0
104.585496450203,22.72139695625103,0
104.5854866077985,22.72141228423673,0
104.5854739578009,22.72142670248705,0
104.5854563325929,22.72144020447836,0
104.5854368710167,22.72145008917147,0
104.5854154106555,22.7214572586009,0
104.585343335547,22.72147332856841,0
104.5852877275071,22.72148763539709,0
104.5851629863109,22.72152795487184,0
104.5851074417442,22.72154768015268,0
104.5849894254627,22.72159442988917,0
104.5849260844227,22.72161684494918,0
104.5848900649314,22.72163210494234,0
104.584854924169,22.72164917392782,0
104.5848295813213,22.7216653658896,0
104.5848061583679,22.72168427200777,0
104.5847865759862,22.7217077030864,0
104.5847699581578,22.72173294948344,0
104.5847445126929,22.72178346069666,0
104.5847277386813,22.72183399532973,0
104.584722830492,22.72186378712306,0
104.5847217774811,22.72189358892869,0
104.5847377917376,22.72206803400897,0
104.5847496678238,22.72231011550822,0
104.5847454674547,22.72242480866736,0
104.5847373817955,22.72252332340678,0
104.5847135106725,22.72269034947935,0
104.5847160910874,22.72279331837776,0
104.5847284886007,22.72288908680043,0
104.5847358551368,22.72302918806736,0
104.5847462593369,22.72312043631907,0
104.5847480809632,22.72318185684047,0
104.584743991506,22.72323332686323,0
104.5847301774274,22.72328748170672,0
104.5847134803417,22.72333891988566,0
104.5846624940063,22.72344454914628,0
104.5846096878546,22.72354105153798,0
104.5845803178134,22.7235879399788,0
104.5844990010994,22.72373946232819,0
104.5844442201944,22.72382521226174,0
104.584414839121,22.72387571407746,0
104.5843932764164,22.72391630016199,0
104.5843775677315,22.72395961244202,0
104.5843490859066,22.72405798378131,0
104.5843342675766,22.72412568364975,0
104.5843262953976,22.72418617624809,0
104.584287597584,22.72442370066105,0
104.5842703189157,22.72466751302721,0
104.5842611049504,22.72482021638746,0
104.5842666052911,22.72491325771109,0
104.5842664824828,22.7249539004226,0
104.5842576044484,22.72499542282327,0
104.5842409352349,22.72503782922519,0
104.5840804686947,22.72528677781276,0
104.5840657128893,22.7253337050635,0
104.5840721177781,22.72547281011494,0
104.5840961687498,22.72556499723945,0
104.5841291193438,22.72563562084204,0
104.5841620467462,22.72568718711498,0
104.5841813643384,22.7257251712119,0
104.5842200828363,22.72582642734464,0
104.5842342565827,22.72594568320573,0
104.5842385813772,22.72613545133586,0
104.5842433240468,22.72618694519521,0
104.5842529506234,22.72621677475246,0
104.5842655500456,22.72624570868074,0
104.5843148832599,22.72634247740074,0
104.5843813937828,22.72657395357994,0
104.5844385075459,22.7266734507575,0
104.5844617912659,22.72672770197558,0
104.5844704238449,22.72676746407683,0
104.5844741581586,22.72680721344621,0
104.5844740463116,22.72684424364513,0
104.5844700828464,22.72688036047394,0
104.5844562216204,22.72694995896498,0
104.5844374869287,22.7270113260266,0
104.5844091272533,22.72706905553241,0
104.5843210391018,22.72720159317176,0
104.5842858330137,22.72726652991565,0
104.5842269379205,22.72741097560175,0
104.5841856909413,22.72753460319055,0
104.5841421593383,22.72775034845136,0
104.5841046898209,22.72789936570344,0
104.5840782078538,22.72797335686976,0
104.5840625241383,22.72800853982944,0
104.5840449149828,22.72804281441868,0
104.584024340154,22.72807527547466,0
104.5840008767747,22.72810682565233,0
104.5839627528267,22.72815369115853,0
104.5839168484271,22.72819782723166,0
104.5838670251772,22.72823653474432,0
104.5838153634623,22.72827261681098,0
104.5836982233091,22.72834637276494,0
104.5835215953186,22.72846784083047,0
104.5833938246913,22.72855150309513,0
104.583346972303,22.72859021818285,0
104.5832980854809,22.72863795882956,0
104.5832717205847,22.72867311386258,0
104.583247279863,22.72870926760176,0
104.5831494244061,22.72885803591939,0
104.5831239235283,22.72889951578595,0
104.5830730368462,22.72899782928823,0
104.5830337812437,22.72909978564173,0
104.5830180548143,22.72914860638192,0
104.5830032763114,22.72920275760161,0
104.5829894937647,22.7292460747284,0
104.5829560347589,22.72936972226729,0
104.5829393591179,22.72941393429587,0
104.5829021592199,22.72947344625255,0
104.5828708600879,22.72952033019183,0
104.5828512817185,22.72954195518959,0
104.5827595220496,22.72961315691453,0
104.5827389905152,22.72963116687944,0
104.5827155768662,22.72964645924269,0
104.582696097487,22.72966176277636,0
104.5823313994789,22.73012784209071,0
104.5820412014364,22.73038837185571,0
104.5814723140008,22.73060951602471,0
104.5813332149978,22.73066767673278,0
104.5810800694188,22.73088964613934,0
104.5806496086618,22.73129873959056,0
104.5803577638722,22.73175497981517,0
104.5802430637398,22.73210619422292,0
104.5802407750178,22.73285609365929,0
104.5803656163528,22.73331342751933,0
104.5805533702289,22.7338646759532,0
104.5805905590887,22.73409914702055,0
104.5805000718705,22.73477854804864,0
104.5803214282402,22.73539919165927,0
104.580105202102,22.73591415454441,0
104.5798896891094,22.73619483680406,0
104.5798130580146,22.7364641421182,0
104.579799850681,22.73668673984018,0
104.579862181965,22.73694475986976,0
104.579962802626,22.73705051482883,0
104.5801139443022,22.73717979491051,0
104.580492064092,22.73740342036268,0
104.5807186840616,22.73761490658657,0
104.5807810184403,22.7378729262627,0
104.5807551236792,22.73809548985596,0
104.5806534917053,22.73829437284381,0
104.5805390367645,22.73856358008467,0
104.5802851205637,22.73887513986383,0
104.5801296447438,22.73906006330379,0
104.5799833189902,22.73900982339472,0
104.5790357229774,22.73863522271127,0
104.5782054290024,22.73829669091845,0
104.5776034199885,22.7381244919119,0
104.5769056482027,22.7379912347149,0
104.5763731582086,22.73798521783567,0
104.5759574364149,22.73800389428201,0
104.575465165071,22.73805415905174,0
104.574503334006,22.73805575555884,0
104.5728508671055,22.73785183638281,0
104.572158462342,22.73775099615143,0
104.5716972881595,22.73761491678082,0
104.5712753367452,22.73731384204475,0
104.5708713274016,22.73697650667377,0
104.5703988602525,22.73639521909455,0
104.5695169391313,22.7355520828851,0
104.5690064966395,22.73517616103545,0
104.5685920548607,22.73478929781806,0
104.568199424297,22.73423432176443,0
104.5678121920802,22.73367439178667,0
104.5672817617032,22.73289153130328,0
104.566708602867,22.73213826735671,0
104.5662625602596,22.73164248056609,0
104.5659025173605,22.73119948974562,0
104.5654237089104,22.73096074496639,0
104.5650018941944,22.73093177964659,0
104.5638091582943,22.73063183717046,0
104.5631598446517,22.73040255452101,0
104.562616917537,22.73020327540203,0
104.5618396086499,22.72997363716008,0
104.5608653392288,22.72968899264755,0
104.558990062952,22.72956515340648,0
104.5584357670388,22.72958340313116,0
104.5579667979936,22.72961182111371,0
104.5575003324994,22.72958605500894,0
104.556675223699,22.72929204347939,0
104.5562048525868,22.72900849728025,0
104.5557574848269,22.72893798169759,0
104.5552352949116,22.72893652968326,0
104.5544257256744,22.72880575291002,0
104.553076642631,22.72851983627301,0
104.5531156865686,22.7282670571978,0
104.5531032318069,22.72822014813331,0
104.5531159911201,22.72817330865083,0
104.553179609455,22.72806799615938,0
104.5532555179143,22.72798619982669,0
104.5534072710363,22.72791626684168,0
104.5535842804444,22.72785823549631,0
104.5538118272831,22.72774163950299,0
104.5540018985171,22.72754293014026,0
104.5540527442118,22.7274141892342,0
104.554053124234,22.72729695812956,0
104.5540157639568,22.72717971298179,0
104.5539151656529,22.7270505495556,0
104.5537388805822,22.72688595113932,0
104.5535247742606,22.72672124691016,0
104.5533359676346,22.72658009492994,0
104.55315948863,22.72645071901153,0
104.5530209569274,22.72635658233592,0
104.5528318754743,22.72625056323764,0
104.5526303026893,22.72610937562927,0
104.5525043785298,22.72601527379021,0
104.55241627599,22.72592127774318,0
104.5523914052563,22.72581580810691,0
104.5523540761438,22.72563985623981,0
104.5523544954875,22.72551097465516,0
104.5523676324623,22.72532351258904,0
104.552418715887,22.72517129009166,0
104.5524952068041,22.72498400535229,0
104.552521060057,22.72473796366123,0
104.5525092954689,22.72450355759834,0
104.5525099052844,22.72431606043061,0
104.552498027444,22.72411678738181,0
104.5524985608887,22.72395277274587,0
104.5525116583207,22.7237770514421,0
104.5525499355084,22.72363653485074,0
104.5526077195955,22.72334957819399,0
104.5526717848997,22.72305676816103,0
104.552710222387,22.72291625105902,0
104.552760953296,22.72282264441543,0
104.5528372483622,22.72267049223738,0
104.5529512855316,22.72254192830608,0
104.553103261928,22.72240172940368,0
104.5532298291689,22.72229659180546,0
104.5533690073017,22.72221497299417,0
104.5535461189935,22.72209823538561,0
104.553685372906,22.72199313374071,0
104.5537865713889,22.72191140853879,0
104.5539257868697,22.72181804750008,0
104.5540397047085,22.72170113301793,0
104.5541538207731,22.72157256840797,0
104.5542933012809,22.72139720012308,0
104.5544327056922,22.72124522302344,0
104.5546478666369,22.72108180621282,0
104.5547870806975,22.72098844439179,0
104.5548630601882,22.72088316549225,0
104.5549520000617,22.72074278925992,0
104.5550154109117,22.72062573346281,0
104.5550663756981,22.72050873334229,0
104.5552437108509,22.72032172856754,0
104.5553577441084,22.72019307248033,0
104.5554592094699,22.7200527298664,0
104.5556566560686,22.71955526950178,0
104.5557583058076,22.71933282916736,0
104.5557966529027,22.71916891941532,0
104.5558364274145,22.71881191463903,0
104.5558968088899,22.71856307727406,0
104.5560170270278,22.71825913227823,0
104.5560775864922,22.71795493033647,0
104.5560783226286,22.71772670089511,0
104.556086615518,22.71747085510086,0
104.5562064088138,22.71729822982641,0
104.5563482549948,22.71720875737686,0
104.5566095370624,22.71705729694848,0
104.5567439293518,22.7169884867509,0
104.5568858641348,22.71687128639496,0
104.5569607984759,22.71674008254991,0
104.557028458217,22.71657426623605,0
104.557058869869,22.7163807103019,0
104.557059849044,22.71607643318543,0
104.5570828741015,22.71588276643883,0
104.5571354372422,22.71571699858047,0
104.5571879610178,22.71561336987233,0
104.5572702950703,22.71550295905276,0
104.5573672610169,22.71546168111403,0
104.55747904946,22.71545512675155,0
104.5576057278309,22.71546234092705,0
104.5578215274236,22.71554593915106,0
104.5580670623372,22.71567107525792,0
104.5583796504599,22.7157688491637,0
104.5587371082292,22.71584588321624,0
104.5589456852639,22.71585341352142,0
104.5593852779387,22.71588226256723,0
104.5595641331804,22.71586893655595,0
104.5598103559875,22.71577965804828,0
104.5600492741673,22.71561431166204,0
104.5602511050909,22.71542122649931,0
104.5604679654515,22.71517281735453,0
104.5606473936351,22.71497967009601,0
104.5608642008636,22.71477280568571,0
104.5610958701216,22.7145382549748,0
104.5613723844352,22.71429000913403,0
104.5616190876315,22.71404863423756,0
104.5618729647883,22.71384873461993,0
104.5622165563818,22.7136144887652,0
104.5623659944033,22.7134834861541,0
104.5626869401881,22.71332531506826,0
104.563470041005,22.71309226755349,0
104.5637163069509,22.71296152698411,0
104.5641120450238,22.71271360051261,0
104.5644482139751,22.71243787437642,0
104.5647174254829,22.7121343270374,0
104.5649345795445,22.7117890921506,0
104.5650843987101,22.7115612677317,0
104.5654547750073,22.71105387650471,0
104.5659182439853,22.71058485153982,0
104.5660906057162,22.71026017579887,0
104.5662631633409,22.70987336280787,0
104.5664436147135,22.70937584081223,0
104.5666161328809,22.70897520767086,0
104.5668642470673,22.70830500062071,0
104.5672944131621,22.70774935736657,0
104.5675559972415,22.70746646756753,0
104.567870319204,22.7070592620972,0
104.5682149266717,22.70677370465102,0
104.5685719927367,22.70661155460472,0
104.5690269959675,22.70645373182689,0
104.5697319163609,22.70622396438798,0
104.5699829362533,22.70608193731916,0
104.5703888106592,22.7058176747475,0
104.5707522704797,22.70550877069898,0
104.5709785983717,22.70543188483294,0
104.5717017387207,22.70533004796014,0
104.5719775551224,22.70526855722487,0
104.5721401606579,22.70515744974902,0
104.5725228040592,22.70484814120164,0
104.5726682615255,22.70480355146727,0
104.5729141187674,22.7047973433242,0
104.5734726485237,22.70457186579242,0
104.5737772049121,22.7041473707507,0
104.5741494531292,22.70366669820801,0
104.5746095790993,22.7030146541793,0
104.5747393703775,22.70273844612303,0
104.5747359359206,22.70262852056278,0
104.5745849860787,22.7022948468794,0
104.5744569701956,22.7019186044431,0
104.5744197841607,22.70166326813751,0
104.5744739038607,22.70132291364474,0
104.5746647538106,22.70103268878482,0
104.5749018242184,22.70059356170567,0
104.5750400633932,22.70007631832058,0
104.5751021207387,22.69960845619373,0
104.5752698390588,22.69942447302186,0
104.5754377012071,22.69921926466887,0
104.5755522782478,22.69900687039015,0
104.5756973331558,22.69882987103715,0
104.5760322982067,22.69856134034381,0
104.5763751437241,22.69823602099508,0
104.5766494934627,22.69796723905015,0
104.5768020338008,22.6977833034629,0
104.5770002463861,22.69754972406633,0
104.5771301882062,22.69727351415597,0
104.5773211792526,22.6969336112564,0
104.5774364465919,22.69649424859257,0
104.5774985679411,22.69605465517954,0
104.5775992145899,22.69551328495545,0
104.5779270983639,22.695063012862,0
104.5783766270059,22.69463157495592,0
104.5789331379453,22.69397344928416,0
104.5789410239601,22.6938883904772,0
104.5789495614093,22.69359045427119,0
104.579134070341,22.69284635945776,0
104.5792342950562,22.69241409036223,0
104.5794553654339,22.69213089271146,0
104.5797831217078,22.69177012127117,0
104.5800269188839,22.69153674778384,0
104.5802785778145,22.69122535935271,0
104.5806672243633,22.69085047524028,0
104.5809641187346,22.69063141853172,0
104.5812609904851,22.69041949685802,0
104.5817857527473,22.69018685534,0
104.5820293658257,22.690038466578,0
104.5821969604432,22.68986170043982,0
104.5823495488941,22.68965644535572,0
104.5825251074853,22.68939443933198,0
104.5826474201206,22.68913942904554,0
104.5827696359092,22.68886319478775,0
104.5828240504449,22.68852292771387,0
104.582832223823,22.68828893550782,0
104.5826967099969,22.68791981411222,0
104.5824655593941,22.68755992668903,0
104.5825091264955,22.68677237803849,0
104.5825241003334,22.686334284079,0
104.5823783639087,22.68544499532352,0
104.5822451214893,22.68477801064545,0
104.5821124925995,22.68427965106253,0
104.5819200875484,22.68387804630595,0
104.5818762565382,22.68358737940754,0
104.5818620798605,22.68333842596556,0
104.5818780183635,22.68300645887181,0
104.5819091420366,22.6825638919463,0
104.5819401358107,22.68219041752172,0
104.5818817519189,22.6817753437705,0
104.5816380386207,22.68106227923957,0
104.5815946695549,22.68061951672082,0
104.5815961807247,22.68012150788379,0
104.5815826315311,22.67969264198887,0
104.5815537742662,22.67938828557888,0
104.5815548236889,22.67904246069003,0
104.5816153081458,22.6787382464633,0
104.581616147479,22.67846160513794,0
104.58169147845,22.67818515750393,0
104.5816410021745,22.67762478265202,0
104.5816574848239,22.67711299397428,0
104.58170332858,22.67673964846407,0
104.5817633919979,22.67657380039492,0
104.5819129177203,22.67639436801657,0
104.5822562167069,22.67618780262845,0
104.5833451240519,22.67574799070025,0
104.5841057033893,22.67550096061051,0
104.5851345412417,22.67522689502294,0
104.5859844501114,22.67500781427269,0
104.5863569385079,22.67499495889209,0
104.5871611855703,22.67506621736847,0
104.5878760366416,22.67499535205958,0
104.5888369993226,22.6748950407469,0
104.5900330547511,22.67482693617019,0
104.5909392249742,22.67487766367317,0
104.5911207035684,22.6750980513753,0
104.591302236669,22.67535411471303,0
104.5915600033288,22.6754824828646,0
104.5918783112224,22.67563240923413,0
104.592052351097,22.67581728280842,0
104.5922191185908,22.67591001248749,0
104.5924013083135,22.67591761106442,0
104.5926893806931,22.67603187441834,0
104.5929019099685,22.67606800017567,0
104.5931982124441,22.67600480748513,0
104.5935399086332,22.67592755023576,0
104.5938057614662,22.67592822475201,0
104.5940329871249,22.67607087138556,0
104.5941685646436,22.67623405836698,0
104.5943427718625,22.67630874101145,0
104.5946094424471,22.67624971646636,0
104.5948869469545,22.6761643451256,0
104.5951942124968,22.67619447514991,0
104.5954747425962,22.6763087144593,0
104.5959900391456,22.67665069515996,0
104.596240896359,22.67650934766737,0
104.5965072715509,22.67630427390986,0
104.59668996148,22.67614143902044,0
104.5969257888774,22.67597873766307,0
104.5972754837462,22.67574551291226,0
104.5975416880159,22.67562533616357,0
104.5978379519515,22.67551959525721,0
104.5983091855533,22.67536470790142,0
104.5985523480403,22.67527310293029,0
104.5991403918332,22.67522164947143,0