104.5305674356685,22.64901893680732,0
104.5300978763859,22.65043221013903,0
104.5293971975836,22.65146122377622,0
104.5289301514004,22.65215520882067,0
104.5284638415164,22.6525854669218,0
104.5276358967694,22.6530385918746,0
104.526237997365,22.65411349306026,0
104.5235584800881,22.65615567321694,0
104.522730989333,22.65651285633525,0
104.5214133793959,22.65672469559353,0
104.5206393173145,22.65655457185325,0
104.5199438699973,22.65607290285048,0
104.5192235064838,22.65530349428434,0
104.5184247806137,22.65482150891709,0
104.5166717917408,22.65397699938698,0
104.5152299408398,22.65284566013948,0
104.5141087570681,22.65225483916881,0
104.5120487535142,22.65066603336161,0
104.5088982809442,22.65080028810967,0
104.5069328320908,22.65165741965135,0
104.5066736257178,22.65194437488729,0
104.5058472013895,22.65195429276825,0
104.5057166427221,22.65197186345285,0
104.5054984037054,22.65200117552218,0
104.5049945811402,22.65210755018986,0
104.5042968497573,22.65226128125073,0
104.5035478211295,22.65230692232045,0
104.5028508590664,22.65226872516673,0
104.5017153869826,22.65207336434449,0
104.5000011303551,22.65202955081294,0
104.4983576820946,22.65204582068866,0
104.4975572979429,22.65111891299086,0
104.4970319046484,22.65066856735787,0
104.4965509519682,22.65013689373928,0
104.4964192192344,22.64988250668253,0
104.4959391207429,22.64936004549504,0
104.4953970888712,22.6489861414714,0
104.4949370123006,22.64873993173726,0
104.4943340256262,22.64855450599048,0
104.4937306234486,22.64846083814301,0
104.4925231473016,22.6484570200505,0
104.4915899946126,22.6485356202403,0
104.491096262114,22.64845249645229,0
104.4908551970728,22.64833955722104,0
104.4904391748941,22.64803232985237,0
104.4901002613877,22.64766420102832,0
104.4896954305246,22.64732638980007,0
104.4890152372136,22.6472324607504,0
104.4883567258978,22.64719974280047,0
104.4865232850662,22.64730605428765,0
104.4853158584064,22.64729197696974,0
104.4843829350776,22.64728897896935,0
104.4835153942601,22.64737794847952,0
104.4823182395416,22.64757802371872,0
104.4811981092823,22.64769678225374,0
104.4795072330567,22.64785450533233,0
104.4787494714053,22.6479438053478,0
104.4782000096824,22.64808471939939,0
104.4775735200064,22.64832743920263,0
104.4767931086372,22.64858997523077,0
104.4759802609423,22.64877084532947,0
104.475310251299,22.64889103330599,0
104.474805109252,22.6489404088254,0
104.4745089315998,22.64888840838749,0
104.4740704182676,22.64876459057852,0
104.4728206406371,22.6483424963105,0
104.472239557136,22.64816717484235,0
104.4713847745993,22.64798092350149,0
104.471675961911,22.64774218118681,0
104.4725568006025,22.64703130378025,0
104.4729976472994,22.64658414713452,0
104.4733293244323,22.64593269395402,0
104.4736613125036,22.64522000598662,0
104.4741466628506,22.64456896501091,0
104.474434050547,22.64406006562693,0
104.4749657719928,22.64277704176642,0
104.4756280089114,22.64180034878199,0
104.4768417560548,22.64013208559529,0
104.4775264934092,22.63901275563773,0
104.4785409356332,22.63779243519924,0
104.4791596897872,22.63669320404647,0
104.4798868266478,22.63596146335427,0
104.4808996124938,22.63514899657254,0
104.481318177168,22.63476288807068,0
104.4816053647493,22.63429470724302,0
104.4818050587008,22.63368363062693,0
104.4819830819948,22.63305198284243,0
104.4819848399055,22.63258296934824,0
104.482073083748,22.63246087341688,0
104.4824690402512,22.63223780294389,0
104.4829962909168,22.63211712243874,0
104.4839185796799,22.63201812410317,0
104.4845990375366,22.63202031214635,0
104.4849727775578,22.63187881063644,0
104.4852152912511,22.63159409561619,0
104.4855240571911,22.63118721174459,0
104.4858102326899,22.63096377977736,0
104.4861180903784,22.63082206430187,0
104.4866451065698,22.63076251668268,0
104.4873694501287,22.63076483332882,0
104.4882257776808,22.63070642298238,0
104.4889452352682,22.6304894251074,0
104.4895319840449,22.63065955536448,0
104.4899706809838,22.63072209673411,0
104.4902561768411,22.63070268228259,0
104.4904544096721,22.63051969674453,0
104.4905650068704,22.6302957886076,0
104.4907639896862,22.62990895703976,0
104.4910286934797,22.62954265575842,0
104.4911828060676,22.62942076451129,0
104.4914685243815,22.62934011329891,0
104.4917538566601,22.62932069651628,0
104.49210507161,22.62932180896258,0
104.4924337021748,22.62948596285524,0
104.4931266430009,22.63004153076675,0
104.4936386221339,22.63014231705524,0
104.4940555637717,22.63016404419495,0
104.4944728028595,22.63010421479256,0
104.4951759828327,22.62990249189324,0
104.4956594719512,22.62974080876125,0
104.4964500614644,22.62964132380902,0
104.4969335479282,22.62947972621941,0
104.4973291815826,22.62935858626921,0
104.4977901542402,22.62931929668442,0
104.4983826690778,22.62936188418906,0
104.498600625987,22.62933429581817,0
104.4991752515187,22.62910984479661,0
104.4997217577239,22.62873889875819,0
104.5000011557967,22.62851822026448,0
104.5006113415741,22.62797740164083,0
104.5010235605499,22.62754967389565,0
104.5012421325103,22.62739545854391,0
104.5013963338261,22.62731248435719,0
104.5015634108117,22.62724147170337,0
104.5016918002526,22.62721811665251,0
104.5022049356817,22.62721970980175,0
104.5023972544353,22.62729174802099,0
104.502602214662,22.6273519938669,0
104.5028200929573,22.62741227858748,0
104.5032687372695,22.62749703258413,0
104.5035253454546,22.62749782697457,0
104.503705131312,22.62746261735514,0
104.5039235233303,22.62737992963537,0
104.5041164045795,22.62727322815432,0
104.5045791634507,22.62702447701011,0
104.5047590394804,22.62694157884025,0
104.5051186996697,22.62682355957148,0
104.5053241241867,22.62677650462015,0
104.5055551393476,22.62675337345483,0
104.5057604729325,22.6267540062026,0
104.506286743987,22.62667217313948,0
104.5066076744846,22.62661364062805,0
104.5068516132416,22.62656670306106,0
104.5071084323595,22.6265078821064,0
104.5073523746527,22.62643718984317,0
104.5076863081901,22.6263547613784,0
104.5084694831999,22.62616650174168,0
104.5087261738454,22.62614344374838,0
104.5089188380273,22.62609634598261,0
104.5098426012455,22.62606349547417,0
104.5105611877301,22.6260537677425,0
104.5113182514324,22.62603223140878,0
104.5123446789181,22.62601151143908,0
104.5130844073687,22.62601375835751,0
104.5135538391043,22.6246609539041,0
104.5140213662997,22.62384707013286,0
104.514566360796,22.62302149663998,0
104.5160666810817,22.62031052550747,0
104.5163788220281,22.61964004152635,0
104.5165740681854,22.61914911889969,0
104.5169728717223,22.61769366883056,0
104.5173394367148,22.61620813501862,0
104.517560674529,22.61569326402763,0
104.5179590449968,22.61430970274883,0
104.5188895423179,22.61402474124203,0
104.5200258596213,22.61384832049545,0
104.520762300272,22.61362273839924,0
104.5213698942046,22.61332487519101,0
104.521925976216,22.6130267667687,0
104.5223135097888,22.61290806834417,0
104.522804133977,22.61286156902606,0
104.5249538294414,22.61264612454028,0
104.5257797362603,22.61264856695674,0
104.5265799264438,22.61268687603742,0
104.527212519,22.61262876893835,0
104.5279096576641,22.61258286217921,0
104.5295176639291,22.61223398800119,0
104.5302544064868,22.61193637893774,0
104.5308495436574,22.61149456633557,0
104.5314838747592,22.61094484480522,0
104.531820375379,22.61063413873307,0
104.532182666227,22.61038338680548,0
104.532570587861,22.6101687467174,0
104.5329327947064,22.60996604292436,0
104.5334194350652,22.60912216804794,0
104.5337447449196,22.60836778127838,0
104.5340843010751,22.60716988049014,0
104.5342286470143,22.60647493721981,0
104.534329254269,22.60533026231425,0
104.534306406827,22.60444299803671,0
104.5343093515522,22.60356782056824,0
104.5342594194587,22.60307616288101,0
104.5335217085962,22.60177316420915,0
104.5326819856559,22.60091549700102,0
104.5335500464297,22.601029925933,0
104.5346400454549,22.60120650035566,0
104.5356202378032,22.60137724021682,0
104.5364197643276,22.60159532120538,0
104.5372827923063,22.60204145516101,0
104.5389008227573,22.60449184495713,0
104.5398777757747,22.60566960095584,0
104.5414850032567,22.60748454411911,0
104.5420502449367,22.60825341302558,0
104.5433856018937,22.61036732716786,0
104.5445689913156,22.61156957674881,0
104.5458796063409,22.61337162139964,0
104.5496223778093,22.61340619216328,0
104.5524614221688,22.61353398663182,0
104.5531196124541,22.6135478336576,0
104.5539155206564,22.61486887893452,0
104.5552754942093,22.61743824087952,0
104.556637816458,22.61924043170781,0
104.5572032668018,22.61998531463225,0
104.5572907314599,22.62086074218033,0
104.5569176724958,22.62455229182017,0
104.5563682639693,22.62680475961387,0
104.5564438049294,22.63142077920133,0
104.5565918310567,22.63357916375939,0
104.5560541017498,22.63617929510249,0
104.5555329402828,22.63768851535242,0
104.5553485975719,22.63881490514937,0
104.5552428491014,22.63958195562107,0
104.5545958698021,22.64005974968816,0
104.5522527215464,22.64210335664935,0
104.5505171749706,22.64387280076573,0
104.5489390511293,22.64482754733203,0
104.5476710716789,22.64571116959935,0
104.5465072232828,22.64628329875552,0
104.5455512768045,22.64647242661891,0
104.5430335837445,22.64657320007521,0
104.5416376184821,22.64709676235185,0
104.5407592629614,22.64723803515523,0
104.5393645633208,22.64737790967986,0
104.5349086685239,22.64797649721185,0
104.532146463394,22.64784860741461,0
104.5308276467415,22.64842016817345,0
104.5305674356685,22.64901893680732,0